raw_text,citation_type,title,authors,year,journal,volume,issue,pages,doi,isbn,book_title,publisher,url,date_accessed
"[1] S. Garfinkel, “Digital forensics research: The next 10 years,” Digital Investigation, vol. 7, pp. S64-S73, 2010. DOI: 10.1016/j.diin.2010.05.009",journal_article,Digital forensics research: The next 10 years,S. Garfinkel,2010,Digital Investigation,7,,S64-S73,10.1016/j.diin.2010.05.009,,,,,
"[2] N. Moustafa and J. Slay, “The evaluation of Network Anomaly Detection Systems: Statistical analysis of the UNSW-NB15 data set and the comparison with the KDD99 data set,” Information Security Journal: A Global Perspective, vol. 25, no. 1-3, pp. 18-31, 2016.",journal_article,The evaluation of Network Anomaly Detection Systems: Statistical analysis of the UNSW-NB15 data set and the comparison with the KDD99 data set,N. Moustafa | J. Slay,2016,Information Security Journal: A Global Perspective,25,1-3,18-31,,,,,,
"[3] E. Casey, Digital Evidence and Computer Crime: Forensic Science, Computers, and the Internet, 3rd ed. Academic Press, 2011.",book,"Digital Evidence and Computer Crime: Forensic Science, Computers, and the Internet",E. Casey,2011,,,,,,,,Academic Press,,
"[4] K. Kent, S. Chevalier, T. Grance, and H. Dang, “Guide to integrating forensic techniques into incident response,” NIST Special Publication 800-86, 2006.",book,Guide to integrating forensic techniques into incident response,K. Kent | S. Chevalier | T. Grance | H. Dang,2006,,,,,,,,NIST Special Publication 800-86,,
"[5] R. Poisel, S. Tjoa, and P. Tavolato, “Towards reproducible forensic investigation process,” in Proc. IEEE Int. Conf. Availability, Reliability and Security (ARES), 2021, pp. 1-9.",conference_paper,Towards reproducible forensic investigation process,R. Poisel | S. Tjoa | P. Tavolato,2021,"IEEE International Conference on Availability, Reliability and Security (ARES)",,,1-9,,,,,,
"[6] G. Combs et al., “Wireshark network protocol analyzer,” Available: https://www.wireshark.org",web,Wireshark network protocol analyzer,G. Combs et al.,2023,,,,,,,,,https://www.wireshark.org,
"[7] V. Paxson, “Bro: A system for detecting network intruders in real-time,” Computer Networks, vol. 31, no. 23-24, pp. 2435-2463, 1999.",journal_article,Bro: A system for detecting network intruders in real-time,V. Paxson,1999,Computer Networks,31,23-24,2435-2463,,,,,,
"[8] M. Hogan, “Digital forensic chain of custody: Guidance for law enforcement,” Journal of Digital Forensics, Security and Law, vol. 14, no. 2, pp. 7-24, 2019.",journal_article,Digital forensic chain of custody: Guidance for law enforcement,M. Hogan,2019,"Journal of Digital Forensics, Security and Law",14,2,7-24,,,,,,
"[9] K. Hausknecht, D. Foit, and J. Buric, “Heterogeneous data integration in digital forensics,” in Proc. IEEE Int. Conf. Software Quality, Reliability and Security Companion (QRS-C), 2017, pp. 129-136.",conference_paper,Heterogeneous data integration in digital forensics,K. Hausknecht | D. Foit | J. Buric,2017,"IEEE International Conference on Software Quality, Reliability and Security Companion (QRS-C)",,,129-136,,,,,,
"[10] A. Bouchti, S. Haddad, and A. Abou El Kalam, “Challenges of heterogeneous IoT log normalisation for forensic investigations,” in Proc. IEEE Int. Conf. Internet of Things (iThings), 2022, pp. 1-8.",conference_paper,Challenges of heterogeneous IoT log normalisation for forensic investigations,A. Bouchti | S. Haddad | A. Abou El Kalam,2022,IEEE International Conference on Internet of Things (iThings),,,1-8,,,,,,
"[11] Apache Software Foundation, “Apache NiFi,” Available: https://nifi.apache.org",web,Apache NiFi,Apache Software Foundation,2023,,,,,,,,,https://nifi.apache.org,
"[12] Talend, “Talend Data Integration,” Available: https://www.talend.com",web,Talend Data Integration,Talend,2023,,,,,,,,,https://www.talend.com,
"[13] W. McKinney, “Data structures for statistical computing in Python,” in Proc. 9th Python in Science Conf., 2010, pp. 56-61.",conference_paper,Data structures for statistical computing in Python,W. McKinney,2010,9th Python in Science Conference,,,56-61,,,,,,
"[14] M. Zaharia et al., “Accelerating the machine learning lifecycle with MLflow,” IEEE Data Engineering Bulletin, vol. 41, no. 4, pp. 39-45, 2018.",journal_article,Accelerating the machine learning lifecycle with MLflow,M. Zaharia et al.,2018,IEEE Data Engineering Bulletin,41,4,39-45,,,,,,
"[15] N. Moustafa and J. Slay, “UNSW-NB15: A comprehensive data set for network intrusion detection systems,” in Proc. Military Communications and Information Systems Conf., 2015, pp. 1-6.",conference_paper,UNSW-NB15: A comprehensive data set for network intrusion detection systems,N. Moustafa | J. Slay,2015,Military Communications and Information Systems Conference,,,1-6,,,,,,
"[16] S. Garcia, A. Parmisano, and M. J. Erquiaga, “IoT-23: A labeled dataset with malicious and benign IoT network traffic,” Stratosphere Laboratory, 2020. Available: https://www.stratosphereips.org/datasets-iot23",web,IoT-23: A labeled dataset with malicious and benign IoT network traffic,S. Garcia | A. Parmisano | M. J. Erquiaga,2020,,,,,,,,Stratosphere Laboratory,https://www.stratosphereips.org/datasets-iot23,
"[17] N. Moustafa, “A new distributed architecture for evaluating AI-based security systems at the edge: Network TON_IoT datasets,” Sustainable Cities and Society, vol. 72, p. 102994, 2021.",journal_article,A new distributed architecture for evaluating AI-based security systems at the edge: Network TON_IoT datasets,N. Moustafa,2021,Sustainable Cities and Society,72,,102994,,,,,,
"[18] S. P. Huber et al., “AiiDA 1.0, a scalable computational infrastructure for automated reproducible workflows and data provenance,” Scientific Data, vol. 7, no. 1, p. 300, 2020.",journal_article,"AiiDA 1.0, a scalable computational infrastructure for automated reproducible workflows and data provenance",S. P. Huber et al.,2020,Scientific Data,7,1,300,,,,,,
"[19] M. Kopp, J. Krüger, and J. Grunzke, “PRAETOR: A pipeline provenance and evaluation tool,” arXiv preprint arXiv:2401.12345, 2024.",working_paper,PRAETOR: A pipeline provenance and evaluation tool,M. Kopp | J. Krüger | J. Grunzke,2024,arXiv,,2401.12345,,,,,,,
"[20] K. Stoykova and K. Franke, “Standard representation for digital forensic processing,” in Proc. IEEE Security and Privacy Workshops (SPW), 2020, pp. 1-6. DOI: 10.1109/SADFE51007.2020.00014",conference_paper,Standard representation for digital forensic processing,K. Stoykova | K. Franke,2020,Proc. IEEE Security and Privacy Workshops (SPW),,,1-6,10.1109/SADFE51007.2020.00014,,,,,
"[21] K. Dineva, T. Atanasova, and S. Georgiev, “End-to-end IoT heterogeneous data processing and integration,” in Proc. IEEE Int. Conf. Electrical Engineering and Electronics (ICEET), 2023, pp. 1-6. DOI: 10.1109/iceet60227.2023.10525796",conference_paper,End-to-end IoT heterogeneous data processing and integration,K. Dineva | T. Atanasova | S. Georgiev,2023,Proc. IEEE Int. Conf. Electrical Engineering and Electronics (ICEET),,,1-6,10.1109/iceet60227.2023.10525796,,,,,
"[22] R. Sadineni, S. Shetty, and L. Xiong, “ProvLink-IoT: A provenance model for link-layer forensic analysis in IoT networks,” Forensic Science International: Digital Investigation, vol. 46, p. 301600, 2023. DOI: 10.1016/j.fsidi.2023.301600",journal_article,ProvLink-IoT: A provenance model for link-layer forensic analysis in IoT networks,R. Sadineni | S. Shetty | L. Xiong,2023,Forensic Science International: Digital Investigation,46,,301600,10.1016/j.fsidi.2023.301600,,,,,
"[23] M. Al-Masri, S. Shetty, and L. Xiong, “Ready-IoT: A forensic readiness model for IoT environments,” in Proc. IEEE World Forum on Internet of Things (WF-IoT), 2021, pp. 1-6.",conference_paper,Ready-IoT: A forensic readiness model for IoT environments,M. Al-Masri | S. Shetty | L. Xiong,2021,Proc. IEEE World Forum on Internet of Things (WF-IoT),,,1-6,,,,,,
"[24] A. Sharma, R. Kumar, and S. Singh, “IoTP4Chain: Programmable data-plane preprocessing for blockchainbased IoT forensics,” in Proc. IEEE Conf. Network Function Virtualization and Software Defined Networks (NFVSDN), 2024, pp. 1-6. DOI: 10.1109/nfv-sdn61811.2024.10807486",conference_paper,IoTP4Chain: Programmable data-plane preprocessing for blockchainbased IoT forensics,A. Sharma | R. Kumar | S. Singh,2024,Proc. IEEE Conf. Network Function Virtualization and Software Defined Networks (NFVSDN),,,1-6,10.1109/nfv-sdn61811.2024.10807486,,,,,
"[25] J. Happa, M. Goldsmith, and S. Creese, “STITCHER: Correlating digital forensic evidence across IoT devices,” arXiv preprint arXiv:2006.12345, 2020.",working_paper,STITCHER: Correlating digital forensic evidence across IoT devices,J. Happa | M. Goldsmith | S. Creese,2020,arXiv,,2006.12345,,,,,,,
"[26] Q. Wang, W. U. Hassan, A. Bates, and C. Gunter, “Fear and logging in the Internet of Things,” in Proc. Network and Distributed System Security Symp. (NDSS), 2018. DOI: 10.14722/ndss.2018.23282",conference_paper,Fear and logging in the Internet of Things,Q. Wang | W. U. Hassan | A. Bates | C. Gunter,2018,Network and Distributed System Security Symp. (NDSS),,,,10.14722/ndss.2018.23282,,,,,
"[27] T. F.-J.-M. Pasquier et al., “Practical whole-system provenance capture,” in Proc. ACM Symposium on Cloud Computing (SoCC), 2017, pp. 405-418.",conference_paper,Practical whole-system provenance capture,T. F.-J.-M. Pasquier | et al.,2017,ACM Symposium on Cloud Computing (SoCC),,,405-418,,,,,,
"[28] F. Iqbal, A. Marrington, and B. C. M. Fung, “A reversible formal model for binary image transforms in Coq,” Security and Communication Networks, vol. 2022, Article ID 1322264, 2022. DOI: 10.1155/2022/1322264",journal_article,A reversible formal model for binary image transforms in Coq,F. Iqbal | A. Marrington | B. C. M. Fung,2022,Security and Communication Networks,2022,,Article ID 1322264,10.1155/2022/1322264,,,,,
"[29] C. Stelly, “A domain specific language for digital forensics and incident response analysis,” Ph.D. dissertation, University of Tulsa, 2019.",dissertation,A domain specific language for digital forensics and incident response analysis,C. Stelly,2019,University of Tulsa,,,,,,,,,
"[30] F. Iqbal, A. Marrington, and B. C. M. Fung, “A formal framework for digital forensic investigation,” Digital Investigation, vol. 10, no. 4, pp. 341-352, 2013.",journal_article,A formal framework for digital forensic investigation,F. Iqbal | A. Marrington | B. C. M. Fung,2013,Digital Investigation,10,4,341-352,,,,,,
"[31] Y. Zhou, D. Lee, and Y. Zhang, “DTaP: A distributed temporal provenance system for cloud forensics,” in Proc. IEEE Int. Conf. Computer Communications (INFOCOM), 2017, pp. 1-9. DOI: 10.14778/2535568.2448939",conference_paper,DTaP: A distributed temporal provenance system for cloud forensics,Y. Zhou | D. Lee | Y. Zhang,2017,IEEE Int. Conf. Computer Communications (INFOCOM),,,1-9,10.14778/2535568.2448939,,,,,
"[32] A. Bouchti, S. Haddad, and A. Abou El Kalam, “Challenges of heterogeneous IoT log normalisation for forensic investigations,” in Proc. IEEE Int. Conf. Internet of Things (iThings), 2022, pp. 1-8.",conference_paper,Challenges of heterogeneous IoT log normalisation for forensic investigations,A. Bouchti | S. Haddad | A. Abou El Kalam,2022,IEEE Int. Conf. Internet of Things (iThings),,,1-8,,,,,,
"[33] K. Stoykova and K. Franke, “Reliability validation enabling framework for digital forensics in criminal investigations,” Forensic Science International: Digital Investigation, vol. 46, p. 301599, 2023.",journal_article,Reliability validation enabling framework for digital forensics in criminal investigations,K. Stoykova | K. Franke,2023,Forensic Science International: Digital Investigation,46,,301599,,,,,,
"[34] L. Englbrecht, G. Pernul, and M. Quirchmayr, “Enhancing credibility of digital evidence through provenance-based incident response handling,” in Proc. IEEE Int. Conf. Availability, Reliability and Security (ARES), 2019, pp. 1-10. DOI: 10.1145/3339252.3339275",conference_paper,Enhancing credibility of digital evidence through provenance-based incident response handling,L. Englbrecht | G. Pernul | M. Quirchmayr,2019,"IEEE Int. Conf. Availability, Reliability and Security (ARES)",,,1-10,10.1145/3339252.3339275,,,,,
"[35] R. Poisel, S. Tjoa, and P. Tavolato, “Towards reproducible forensic investigation process,” in Proc. IEEE Int. Conf. Availability, Reliability and Security (ARES), 2021, pp. 1-9.",conference_paper,Towards reproducible forensic investigation process,R. Poisel | S. Tjoa | P. Tavolato,2021,"IEEE Int. Conf. Availability, Reliability and Security (ARES)",,,1-9,,,,,,
"[36] L. Moreau and P. Missier, “PROV-DM: The PROV data model,” W3C Recommendation, Apr. 2013.",book,PROV-DM: The PROV data model,L. Moreau | P. Missier,2013,W3C Recommendation,,,,,,,,,
"[37] A. Gehani and D. Tariq, “SPADE: Support for provenance auditing in distributed environments,” in Proc. ACM/IFIP/USENIX Int. Conf. Distributed Systems Platforms, Springer, 2012, pp. 101-120.",conference_paper,SPADE: Support for provenance auditing in distributed environments,A. Gehani | D. Tariq,2012,ACM/IFIP/USENIX International Conference on Distributed Systems Platforms,,,101-120,,,,Springer,,
"[38] M. S. Islam, M. Miah, and K. Choo, “A provenance model for IoT forensic pipeline integrity,” IEEE Internet of Things Journal, vol. 9, no. 12, pp. 9423-9437, 2022.",journal_article,A provenance model for IoT forensic pipeline integrity,M. S. Islam | M. Miah | K. Choo,2022,IEEE Internet of Things Journal,9,12,9423-9437,,,,,,
"[39] M. Nyre-Yu, R. Morris, B. Skaggs, and M. Barrett, “Provenance-based intrusion detection: Opportunities and challenges,” in Proc. ACM Workshop on Cyber Security Experimentation and Test (CSET), 2022, pp. 1-8.",conference_paper,Provenance-based intrusion detection: Opportunities and challenges,M. Nyre-Yu | R. Morris | B. Skaggs | M. Barrett,2022,ACM Workshop on Cyber Security Experimentation and Test (CSET),,,1-8,,,,,,
"[40] M. Conti, A. Dehghantanha, K. Franke, and S. Watson, “Internet of Things security and forensics: Challenges and opportunities,” Future Generation Computer Systems, vol. 78, pp. 544-546, 2018.",journal_article,Internet of Things security and forensics: Challenges and opportunities,M. Conti | A. Dehghantanha | K. Franke | S. Watson,2018,Future Generation Computer Systems,78,,544-546,,,,,,
